-50.2	-0.19	6.74
-50.2	-0.59	3.31
-50.2	-0.99	3.83
-50.2	-1.39	4.66
-50.2	-1.79	8.26
-50.2	-9.39	5.98
-50.2	-9.79	7.15
-50.2	-10.1	2.25
-50.2	-10.5	6.31
-50.2	-10.9	7.97
-50.2	-11.3	3.2
-50.2	-11.7	2.94
-50.2	-12.1	0.66
-50.2	-12.5	4.64
-50.2	-12.9	6.24
-50.2	-13.3	8.05
-50.2	-13.7	6.38
-50.2	-14.1	4.94
-50.2	-14.5	1.01
-50.2	-14.9	3.19
-50.2	-15.3	2.72
-50.2	-15.7	2.15
-50.2	-16.1	5.83
-50.2	-16.5	6.38
-50.2	-16.9	3.27
-50.2	-17.3	3.65
-50.2	-17.7	4.01
-50.2	-18.1	4.02
-50.2	-18.5	1.19
-50.2	-18.9	6.41
-50.2	-19.3	1.54
-50.2	-19.7	6.42
-50.2	-2.19	1.5
-50.2	-2.59	2.27
-50.2	-2.99	6.22
-50.2	-20.1	8.17
-50.2	-20.5	8.07
-50.2	-20.9	6.59
-50.2	-21.3	0.78
-50.2	-21.7	3.66
-50.2	-22.1	3.57
-50.2	-22.5	8.22
-50.2	-22.9	8.03
-50.2	-23.3	6.88
-50.2	-23.7	1.52
-50.2	-24.1	1.97
-50.2	-24.5	2.91
-50.2	-24.9	4.54
-50.2	-25.3	3.42
-50.2	-25.7	5.62
-50.2	-26.1	5.39
-50.2	-26.5	6.89
-50.2	-26.9	4.72
-50.2	-27.3	3.55
-50.2	-27.7	3.16
-50.2	-28.1	2.43
-50.2	-28.5	0.62
-50.2	-28.9	1.14
-50.2	-29.3	5.77
-50.2	-29.7	4.31
-50.2	-3.39	2.2
-50.2	-3.79	5.69
-50.2	-30.1	3.79
-50.2	-30.5	4.53
-50.2	-30.9	2.31
-50.2	-31.3	6.41
-50.2	-31.7	3.83
-50.2	-32.1	3.08
-50.2	-32.5	4.82
-50.2	-32.9	4.71
-50.2	-33.3	2.87
-50.2	-33.7	6.55
-50.2	-34.1	6.31
-50.2	-34.5	5.98
-50.2	-34.9	2.97
-50.2	-35.3	7.5
-50.2	-35.7	2.21
-50.2	-36.1	5.35
-50.2	-36.5	5.7
-50.2	-36.9	7.54
-50.2	-37.3	3.24
-50.2	-37.7	0.71
-50.2	-38.1	5.18
-50.2	-38.5	5.53
-50.2	-38.9	1.92
-50.2	-39.3	1.75
-50.2	-39.7	5.24
-50.2	-4.19	3.13
-50.2	-4.59	5.38
-50.2	-4.99	3.91
-50.2	-40.1	7.75
-50.2	-40.5	5.59
-50.2	-40.9	0.9
-50.2	-41.3	1.95
-50.2	-41.7	4.94
-50.2	-42.1	7.2
-50.2	-42.5	6.73
-50.2	-42.9	2.13
-50.2	-43.3	5.81
-50.2	-43.7	0.69
-50.2	-44.1	4.9
-50.2	-44.5	6.95
-50.2	-44.9	1.81
-50.2	-45.3	4.27
-50.2	-45.7	5.76
-50.2	-46.1	5.6
-50.2	-46.5	7.67
-50.2	-46.9	5.42
-50.2	-47.3	1.77
-50.2	-47.7	5.76
-50.2	-48.1	7.2
-50.2	-48.5	3.34
-50.2	-48.9	4.92
-50.2	-49.3	2.52
-50.2	-49.7	2.55
-50.2	-5.39	4.02
-50.2	-5.79	3.91
-50.2	-50.1	4.8
-50.2	-50.5	4.93
-50.2	-50.9	5.13
-50.2	-51.3	1.23
-50.2	-51.7	6.23
-50.2	-52.1	4.98
-50.2	-52.5	3.07
-50.2	-52.9	4.83
-50.2	-53.3	3.67
-50.2	-53.7	5.49
-50.2	-54.1	6.93
-50.2	-54.5	2.7
-50.2	-54.9	6.61
-50.2	-55.3	4.7
-50.2	-55.7	3.39
-50.2	-56.1	4.37
-50.2	-56.5	3.97
-50.2	-56.9	1.95
-50.2	-57.3	3.65
-50.2	-57.7	1.09
-50.2	-58.1	5.47
-50.2	-58.5	1.98
-50.2	-58.9	3.31
-50.2	-59.3	6.35
-50.2	-59.7	6.66
-50.2	-6.19	6.64
-50.2	-6.59	6.76
-50.2	-6.99	5.71
-50.2	-60.1	3.4
-50.2	-60.5	5.24
-50.2	-60.9	8.06
-50.2	-61.3	2.7
-50.2	-61.7	7.2
-50.2	-62.1	5.4
-50.2	-62.5	5.3
-50.2	-62.9	3.45
-50.2	-63.3	4.41
-50.2	-63.7	2.67
-50.2	-64.1	3.52
-50.2	-64.5	2.52
-50.2	-64.9	4.61
-50.2	-65.3	6.32
-50.2	-65.7	3.34
-50.2	-66.1	1.53
-50.2	-66.5	1.5
-50.2	-66.9	4.16
-50.2	-67.3	7.08
-50.2	-67.7	2.61
-50.2	-68.1	5.43
-50.2	-68.5	4.18
-50.2	-68.9	4.48
-50.2	-69.3	6.91
-50.2	-69.7	6.13
-50.2	-7.39	6.37
-50.2	-7.79	3.72
-50.2	-70.1	5.82
-50.2	-70.5	4.72
-50.2	-70.9	3.39
-50.2	-71.3	5.32
-50.2	-71.7	6.11
-50.2	-72.1	4.44
-50.2	-72.5	2.45
-50.2	-72.9	6.83
-50.2	-73.3	4.21
-50.2	-73.7	4.32
-50.2	-74.1	1.18
-50.2	-74.5	3.82
-50.2	-74.9	4.3
-50.2	-75.3	1.21
-50.2	-75.7	8.35
-50.2	-76.1	6.75
-50.2	-76.5	1.46
-50.2	-76.9	6.66
-50.2	-77.3	3.84
-50.2	-77.7	3.75
-50.2	-78.1	6.24
-50.2	-78.5	4.3
-50.2	-78.9	3.28
-50.2	-79.3	4.63
-50.2	-79.8	6.49
-50.2	-8.19	2.72
-50.2	-8.59	3.63
-50.2	-8.99	3.02
-50.2	-80.2	3.24
-50.2	-80.6	5.83
-50.2	-81.4	6.22
-50.2	-81.8	3.13
-50.2	-81;0	5.9
-50.2	-82.2	6.32
-50.2	-82.6	6.46
-50.2	-83.0	8.35
		
		
		
		
		
		
		
		
		
		
		
		
		
		
		
		
		
		
		
		
		
		
		
		
		
		
		
		
		
		
		
		
		
		
		
		
		
		
		
		
		
		
		
		
		
		
		
		
		
		
		
		
		
		
		
		
		
		
		
		
		
		
		
		
		
		
		
		
		
		
		
		
		
		
		
		
		
		
		
		
		
		
		
		
		
		
		
		
		
		
		
		
		
		
		
		
		
		
		
		
		
		
		
		
		
		
		
		
		
		
		
		
		
		
		
		
		
		
		
		
		
		
		
		
		
		
		
		
		
		
		
		
		
		
		
		
		
		
		
		
		
		
		
		
		
		
		
		
		
		
		
		
		
		
		
		
		
		
		
		
		
		
		
		
		
		
		
		
		
		
		
		
		
		
		
		
		
		
		
		
		
		
		
		
		
		
		
		
		
		
		
		
		
		
		
		
		
		
		
		
		
		
		
		
		
		
		
		
		
		
		
		
		
		
		
		
		
		
		
		
		
		
		
		
		
		
		
		
		
		
		
		
		
		
		
		
		
		
		
		
		
		
		
		
		
		
		
		
		
		
		
		
		
		
		
		
		
		
		
		
		
		
		
		
		
		
		
		
		
		
		
		
		
		
		
		
		
		
		
		
